agePartition = [0,10,20,30,40,50,60,70,200]; %linspace(0,100,11); % [0,10,20,...,100]
